65663475
65664375
65665646337435647553
65665646337436645747356775377686
6566564636534364
6566564636534764
6566564636536335
6566564636536375
6566564636536735
6566564636537675
65665646376433474835
65665646376457473536
656656464775745735646343
65665646477576573664
656656465763366835
65665646576747753658646373
65665646576835
6566564657752435
6566564657753664
6566564657757467
6566564657757664
6566564657758447
656656466753364758483857356433
656656466753475736354337587638
6566564667534757483836373525
656656466753475748383658687864354376
6566564667534757486836354337
656656466763534357643675
656656466763576436755347
656656466764353447253775
656656466764477663753757
65665646757674576385463637
65665646758653
6566566433475346
65665664334763467574537657736768
6566566463353446
6566566463353653
6566566463353657
6566566463356757
6566566463357446
6566566463357653
65665664734633748453
65665664734675745363
6566566474574775
656656647457677563463634
656656647536638653
6566566475574253
6566566475574776
6566566475574874
6566566475576346
6566566475576746
656656647635637485848375534633
656656647635747563533473856783
6566566476357475848363735352
656656647635747584836385868746533467
6566566476357475848663533473
656656647636353475466357
656656647636754663573574
656656647646534374527357
656656647646746736577375
65666764
65463343346466635657367668674235532415
65463343346466635657477648353637382625
65463343346466635657477648353637386778
6546334334646663565747767535
654633433464666356576735267653527536
6546334334646675536374835673
6546334334646675563563255374
6546334334646675564753356357
65463343346466755647673526
654634433325533223643524361456
6546344335645363323656427426253324
65463443356453633266
6546344356645363366675574776
654634435664536336667576
654635644334333656255363744262
654635644334533325637473422475
65463564435374755634733663323366
6546356453364366564757373463483867682852
6546356453364366564757373463483874832842
6546356453364366564757373468262516237333
6546356453364366564773342423251412131542
654635645336436656477334242326332574
6546356453364366564773342423753325151413261667
654635645336436656477334242375332552617663
6546356453364366564773342433
6546356453364366564773347533674257625261386337
65463564533643665647733475336776575238623748
65463564533643665647733476336742576252
65463564533643665647733476755767242337
654635645336436656477434247375852616
6546356453364366564774347533674257623863
65463564533643665647743475336742576252633873
654635645336436656477434767557686786
654635645336436656477473768375848586
6546356453364375566673342423
654635645336437566637633735674
654635645336437574342563
65463564533647
6546356453365666743475334757374838675863
654635645336566747586366683457
65463564533663
6546356453435675
65463564536663344356336273527432
65463664567653663557
654636645676536673354363