656656463553433433266324
6566564635534334362547572624
656656463553437547363734645233634224
656656463553437547365734
65665646355343754737573667642558
656656463553437547377448765736
6566564635534375522526243634332316151317
656656463553437552252624364757643834
65665646355343755225263334362364
656656463553437552253626574767643858
656656463553437563252624364757647467
656656463553437563253626574767643858
6566564635534375632536343324151326
6566564635534375632576743657
656656463553573464764325
65665646355357364767376476587538
6566564635535736677534472637
656656463553573747364363
656656463553573747366734264825
65665646355357376364473625
65665646355357376364473625
6566564635535737673634254333
6566564635535764676876347574
65665646355363647576333674
656656463553636475764737
656656463553636475767334
6566564635644325746376346786
6566564635644734333843375767
6566564635645336472557677658
6566564635645747753638343776
65665646356463537576333674
6566564635646757757637684333
6566564635647574473457864336
6566564657643547753638343776
65665646576475675343
6566564657753536346847636438
6566564657753536534337636474734758
6566564657753567345364637643
6566564657753567644353527634
65665646577576533536433423
65665646577576533637385847486867
6566564657757658346374434748
6566564657757658353447483626
656656465775765847673536
65665646577576588553474835
656656645335344333623642
6566566453353443635274756242
65665664533534572552623343633246
6566566453353457255262426343333261513171
656656645335345725526242637475468343
656656645335345725526362757476468385
656656645335345736526242637475464776
6566566453353457365263433342513162
656656645335345736526362757476468385
6566566453353457365267476375
656656645335345774637343462533362442
656656645335345774637543
656656645335345774734784677563
65665664533534577473756376465285
65665664533536465767336347
656656645335364657673743
656656645335364657677473
656656645335754346673452
6566566453357546768667435747
65665664533575637476734667855783
6566566453357563765743746273
65665664533575733646746352
65665664533575733646746352
656656645335757374633436
656656645335757374637643628452
6566566453357573766343523433
6566566453463452473667437668
6566566453463563745275766785
65665664534636355767336347
6566566453465747744375683463
6566566453467443338334737576
6566566453467574576383437367
6566566453467675576773863433
6566566475465374576383437367
65665664754657763534
6566566475575363353473364647377485
6566566475575363438674364683
6566566475575376433546366734
6566566475575376463435256743
65665664755767355363344332
65665664755767356373838574848676
6566566475576785433647347484
6566566475576785534374846362
65665664755767855835748453
656656647557678574765363
6546334334643523322436425625
654633433464352332245356366615142516473757582648736775
654633433464352332245356366615142516473757582668736775
65463343346435233224535636746626
6546334334643523325342362413
6546334334643523325342362414
65463343346435233256362425425316
654633433464352423324736562515161326
65463343346435242336323156534263
6546334334643524253663155332
65463343346435242536635653766675477367
65463343346435252423325313361463
6546334334645363566674837573843652627635
65463343346456665335362547572623
654633433464566653353626372557
65463343346456665335362647
654634433364352332
6546344333643524233632315653426314415213
6546344333643525242332531336146356151626
65463475363547432433532514623216
654634756664634333765356