6546334334643523322436425625 5664333443465332234263246552 3453665665356476677563574374 4335666556534667765736753447 
654633433464352332245356366615142516473757582648736775 566433344346533223423565636651415261747375856284377657 345366566535647667754643633384857483526242417351263224 433566655653466776576434363348584738252624143715622342 
654633433464352332245356366615142516473757582668736775 566433344346533223423565636651415261747375856286377657 345366566535647667754643633384857483526242417331263224 433566655653466776576434363348584738252624143713622342 
65463343346435233224535636746626 56643334434653322342356563476662 34536656653564766775464363253373 43356665565346677657643436523337 
6546334334643523325342362413 5664333443465332233524634231 3453665665356476674657637586 4335666556534667766475365768 
6546334334643523325342362414 5664333443465332233524634241 3453665665356476674657637585 4335666556534667766475365758 
65463343346435233256362425425316 56643334434653322365634252243561 34536656653564766743637574574683 43356665565346677634365747756438 
654633433464352423324736562515161326 566433344346534232237463655251613162 345366566535647576675263437484838673 433566655653465767762536344748386837 
65463343346435242336323156534263 56643334434653423263231365352436 34536656653564757663676843465736 43356665565346576736768634647563 
6546334334643524253663155332 5664333443465342526336513523 3453665665356475746336844667 4335666556534657473663486476 
65463343346435242536635653766675477367 56643334434653425263366535676657743776 34536656653564757463364346233324522632 43356665565346574736633464323342256223 
65463343346435252423325313361463 56643334434653524232233531634136 34536656653564747576674686638536 43356665565346475767766468365863 
6546334334645363566674837573843652627635 5664333443463536656647385737486325266753 3453665665354636433325162426156347372364 4335666556536463343352614262513674733246 
65463343346456665335362547572623 56643334434665663553635274756232 34536656653543334664637452427376 43356665565334336446364725243767 
654633433464566653353626372557 566433344346656635536362735275 345366566535433346646373627442 433566655653343364463637264724 
65463343346456665335362647 56643334434665663553636274 34536656653543334664637352 43356665565334336446363725 
65463343346466635657367668674235532415 56643334434666366575636786762453354251 34536656653533364342632331325764467584 43356665565333633424363213237546645748 
65463343346466635657477648353637382625 56643334434666366575746784536373836252 34536656653533364342522351646362617374 43356665565333633424253215463626163747 
65463343346466635657477648353637386778 56643334434666366575746784536373837687 34536656653533364342522351646362613221 43356665565333633424253215463626162312 
6546334334646663565747767535 5664333443466636657574675753 3453665665353336434252232464 4335666556533363342425324246 
654633433464666356576735267653527536 566433344346663665757653626735255763 345366566535333643423264732346472463 433566655653336334242346373264744236 
6546334334646675536374835673 5664333443466657353647386537 3453665665353324463625164326 4335666556533342646352613462 
6546334334646675563563255374 5664333443466657655336523547 3453665665353324436436744625 4335666556533342344663476452 
6546334334646675564753356357 5664333443466657657435533675 3453665665353324435246643642 4335666556533342342564466324 
65463343346466755647673526 56643334434666576574765362 34536656653533244352326473 43356665565333423425234637 
65463475363547432433532514623216 56644357635374344233355241262361 34536524636452567566467485376783 43355642364625655766644758737638 
654634756664634333765356 566443576646363433673565 345365243335365666234643 433556423353636566326434 
656656645335344333623642 566665463553433433266324 343343354664655666376357 433334536446566566733675 
6566566453353443635274756242 5666654635534334362547572624 3433433546646556364725243757 4333345364465665637452427375 
65665664533534572552623343633246 56666546355343755225263334362364 34334335466465427447376656366753 43333453644656244774736665637635 
6566566453353457255262426343333261513171 5666654635534375522526243634332316151317 3433433546646542744737573656666738486828 4333345364465624477473756365667683848682 
656656645335345725526242637475468343 566665463553437552252624364757643834 343343354664654274473757362524531656 433334536446562447747375635242356165 
656656645335345725526362757476468385 566665463553437552253626574767643858 343343354664654274473637242523531614 433334536446562447746373425232356141 
656656645335345736526242637475464776 566665463553437563252624364757647467 343343354664654263473757362524535223 433334536446562436747375635242352532 
6566566453353457365263433342513162 5666654635534375632536343324151326 3433433546646542634736566657486837 4333345364465624367463656675848673 
656656645335345736526362757476468385 566665463553437563253626574767643858 343343354664654263473637242523531614 433334536446562436746373425232356141 
6566566453353457365267476375 5666654635534375632576743657 3433433546646542634732523624 4333345364465624367423256342 
656656645335345774637343462533362442 566665463553437547363734645233634224 343343354664654225362656537466637557 433334536446562452636265354766365775 
656656645335345774637543 566665463553437547365734 343343354664654225362456 433334536446562452634265 
656656645335345774734784677563 566665463553437547377448765736 343343354664654225265215322436 433334536446562452622551234263 
65665664533534577473756376465285 56666546355343754737573667642558 34334335466465422526243623534714 43333453644656245262426332357441 
65665664533536465767336347 56666546355363647576333674 34334335466463534232663652 43333453644636352423666325 
65665664533575733646746352 56666546355357376364473625 34334335466424266353253647 43333453644642623635526374 
656656645335754346673452 566665463553573464764325 343343354664245653326547 433334536446426535235674 
6566566453357546768667435747 5666654635535764676876347574 3433433546642453231332564252 4333345364464235323123652425 
65665664533575637476734667855783 56666546355357364767376476587538 34334335466424362523265332144216 43333453644642635232623523412461 
6566566453357563765743746273 5666654635535736677534472637 3433433546642436234256253726 4333345364464263322465527362 
65665664533575733646746352 56666546355357376364473625 34334335466424266353253647 43333453644642623635526374 
656656645335757374633436 566665463553573747364363 343343354664242625366563 433334536446426252635636 
656656645335757374637643628452 566665463553573747366734264825 343343354664242625362356371547 433334536446426252633265735174 
6566566453357573766343523433 5666654635535737673634254333 3433433546642426233656476566 4333345364464262326365745666 
6566566453463452473667437668 5666654635644325746376346786 3433433546536547526332562331 4333345364355674253623653213 
6566566453463563745275766785 5666654635645336472557677658 3433433546536436254724233214 4333345364354663527442322341 
65665664534636355767336347 56666546356463537576333674 34334335465363644232663652 43333453643536462423666325 
6566566453465747744375683463 5666654635647574473457864336 3433433546534252255624316536 4333345364352425526542135663 
6566566453467443338334737576 5666654635644734333843375767 3433433546532556661665262423 4333345364355265666156624232 
6566566453467574576383437367 5666654635645747753638343776 3433433546532425423616562632 4333345364354252246361656223 
6566566453467675576773863433 5666654635646757757637684333 3433433546532324423226136566 4333345364353242242362315666 
65665664734675745363 56666546376457473536 34334335265324254636 43333453623542526463 
65665664745767756346 56666546477576573664 34334335254232243653 43333453522423426335 
6566566475465374576383437367 5666654657643547753638343776 3433433524534625423616562632 4333345342356452246361656223 
65665664754657763534 56666546576475675343 34334335245342236465 43333453423524324656 
656656647557477674855346 566665465775746747583564 343343352442522325144653 433334534224253252416435 
6566566475575363353473364647377485 5666654657753536534337636474734758 3433433524424636646526635352622514 4333345342246463465662363525265241 
6566566475575363438674364683 5666654657753536346847636438 3433433524424636561325635316 4333345342246463653152363561 
6566566475575376433546366734 5666654657753567345364637643 3433433524424623566453633265 4333345342246432654635362356 
6566566475575376463435256743 5666654657753567644353527634 3433433524424623536564743256 4333345342246432355646472365 
65665664755767356373838574848676 56666546577576533637385847486867 34334335244232643626161425151323 43333453422423466362614152513132 
6566566475576785433647347484 5666654657757658346374434748 3433433524423214566352652515 4333345342242341653625565251 
6566566475576785534374846362 5666654657757658353447483626 3433433524423214465625153637 4333345342242341646552516373 
65665664755767855835748453 56666546577576588553474835 34334335244232144164251546 43333453422423411446525164 
656656647557678574765363 566665465775765847673536 343343352442321425234636 433334534224234152326463 
656656463553433433266324 566665645335344333623642 343343536446566566733675 433334354664655666376357 
6566564635534334362547572624 5666656453353443635274756242 3433435364465665637452427375 4333343546646556364725243757 
65665646355343755225263334362364 56666564533534572552623343633246 34334353644656244774736665637635 43333435466465427447376656366753 
6566564635534375522526243634332316151317 5666656453353457255262426343333261513171 3433435364465624477473756365667683848682 4333343546646542744737573656666738486828 
656656463553437552252624364757643834 566665645335345725526242637475468343 343343536446562447747375635242356165 433334354664654274473757362524531656 
656656463553437552253626574767643858 566665645335345725526362757476468385 343343536446562447746373425232356141 433334354664654274473637242523531614 
656656463553437563252624364757647467 566665645335345736526242637475464776 343343536446562436747375635242352532 433334354664654263473757362524535223 
6566564635534375632536343324151326 5666656453353457365263433342513162 3433435364465624367463656675848673 4333343546646542634736566657486837 
656656463553437563253626574767643858 566665645335345736526362757476468385 343343536446562436746373425232356141 433334354664654263473637242523531614 
6566564635534375632576743657 5666656453353457365267476375 3433435364465624367423256342 4333343546646542634732523624 
656656463553437547363734645233634224 566665645335345774637343462533362442 343343536446562452636265354766365775 433334354664654225362656537466637557 
656656463553437547365734 566665645335345774637543 343343536446562452634265 433334354664654225362456 
656656463553437547377448765736 566665645335345774734784677563 343343536446562452622551234263 433334354664654225265215322436 
65665646355343754737573667642558 56666564533534577473756376465285 34334353644656245262426332357441 43333435466465422526243623534714 
65665646355363647576333674 56666564533536465767336347 34334353644636352423666325 43333435466463534232663652 
65665646355357376364473625 56666564533575733646746352 34334353644642623635526374 43333435466424266353253647 
656656463553573464764325 566665645335754346673452 343343536446426535235674 433334354664245653326547 
6566564635535764676876347574 5666656453357546768667435747 3433435364464235323123652425 4333343546642453231332564252 
65665646355357364767376476587538 56666564533575637476734667855783 34334353644642635232623523412461 43333435466424362523265332144216 
6566564635535736677534472637 5666656453357563765743746273 3433435364464263322465527362 4333343546642436234256253726 
65665646355357376364473625 56666564533575733646746352 34334353644642623635526374 43333435466424266353253647 
656656463553573747364363 566665645335757374633436 343343536446426252635636 433334354664242625366563 
656656463553573747366734264825 566665645335757374637643628452 343343536446426252633265735174 433334354664242625362356371547 
6566564635535737673634254333 5666656453357573766343523433 3433435364464262326365745666 4333343546642426233656476566 
6566564635644325746376346786 5666656453463452473667437668 3433435364355674253623653213 4333343546536547526332562331 
6566564635645336472557677658 5666656453463563745275766785 3433435364354663527442322341 4333343546536436254724233214 
65665646356463537576333674 56666564534636355767336347 34334353643536462423666325 43333435465363644232663652 
6566564635647574473457864336 5666656453465747744375683463 3433435364352425526542135663 4333343546534252255624316536 
6566564635644734333843375767 5666656453467443338334737576 3433435364355265666156624232 4333343546532556661665262423 
6566564635645747753638343776 5666656453467574576383437367 3433435364354252246361656223 4333343546532425423616562632 
6566564635646757757637684333 5666656453467675576773863433 3433435364353242242362315666 4333343546532324423226136566 
65665646376457473536 56666564734675745363 34334353623542526463 43333435265324254636 
65665646477576573664 56666564745767756346 34334353522423426335 43333435254232243653 
6566564657647576 5666656475465767 3433435342352423 4333343524534232 
6566564657647567 5666656475465776 3433435342352432 4333343524534223 
6566566475465767 5666654657647576 3433433524534232 4333345342352423 
6566566475465776 5666654657647567 3433433524534223 4333345342352432 
656656645346744333833473 566665463564473433384337 343343354653255666166526 433334536435526566615662 
6566564657643547753638343776 5666656475465374576383437367 3433435342356452246361656223 4333343524534625423616562632 
65665646576475675343 56666564754657763534 34334353423524324656 43333435245342236465 
656656465775746747583564 566665647557477674855346 343343534224253252416435 433334352442522325144653 
6566564657753536534337636474734758 5666656475575363353473364647377485 3433435342246463465662363525265241 4333343524424636646526635352622514 
6566564657753536346847636438 5666656475575363438674364683 3433435342246463653152363561 4333343524424636561325635316 
6566564657753567345364637643 5666656475575376433546366734 3433435342246432654635362356 4333343524424623566453633265 
6566564657753567644353527634 5666656475575376463435256743 3433435342246432355646472365 4333343524424623536564743256 
65665646577576533637385847486867 56666564755767356373838574848676 34334353422423466362614152513132 43333435244232643626161425151323 
6566564657757658346374434748 5666656475576785433647347484 3433435342242341653625565251 4333343524423214566352652515 
6566564657757658353447483626 5666656475576785534374846362 3433435342242341646552516373 4333343524423214465625153637 
65665646577576588553474835 56666564755767855835748453 34334353422423411446525164 43333435244232144164251546 
656656465775765847673536 566665647557678574765363 343343534224234152326463 433334352442321425234636 
65665646577576533536433423 56666564755767355363344332 34334353422423466463566576 43333435244232644636655667 
654634753635474324335363 566443576353743442333536 345365246364525675664636 433556423646256557666463 
65665664755767355363344332 56666546577576533536433423 34334335244232644636655667 43333453422423466463566576 
65664364 56663446 34335635 43336553 
65663464 56664346 34336535 43335653 
6546344335645363323656427426253324 5664433453463536236365244762523342 3453655664354636676343572573746675 4335566546536463763634755237476657 
65463443356453633266 56644334534635362366 34536556643546366733 43355665465364637633 
6546344356645363366675574776 5664433465463536636657757467 3453655643354636633324425223 4335566534536463363342242532 
654634435664536336667576 566443346546353663665767 345365564335463663332423 433556653453646336334232 
654635644334333656255363744262 566453463443336365523536472426 345364355665666343744636255737 433546536556663634476463527573 
654635644334533325637473422475 566453463443353352364737244257 345364355665466674362526577524 433546536556646647635262755742 
65463564435374755634733663323366 56645346343547576543376336233366 34536435564625244365266336676633 43354653656452423456623663766633 
6546356453364366564757 5664534635633466657475 3453643546635633435242 4335465364366533342524 
6546356453364366564757373463483867682852 5664534635633466657475734336848376868225 3453643546635633435242626536516132317147 4335465364366533342524265663151623131774 
6546356453364366564757373463483874832842 5664534635633466657475734336848347388224 3453643546635633435242626536516125167157 4335465364366533342524265663151652611775 
6546356453364366564757373468262516237333 5664534635633466657475734386625261323733 3453643546635633435242626531737483762666 4335465364366533342524265613374738676266 
654635645336436656477334 566453463563346665743743 345364354663563343522665 433546536436653334256256 
6546356453364366564773342423251412131542 5664534635633466657437434232524121315124 3453643546635633435226657576748587868457 4335465364366533342562565767475878684875 
654635645336436656477334242326332574 566453463563346665743743423262335247 345364354663563343522665757673667425 433546536436653334256256576737664752 
6546356453364366564773342423753325151413261667 5664534635633466657437434232573352514131626176 3453643546635633435226657576246674848586738332 4335465364366533342562565767426647485868373823 
654635645336436656477334242375332552617663 566453463563346665743743423257335225166736 345364354663563343522665757624667447382336 433546536436653334256256576742664774833263 
6546356453364366564773347533674257625261386337 5664534635633466657437435733762475262516833673 3453643546635633435226652466325742374738613662 4335465364366533342562564266237524737483166326 
65463564533643665647733475336776575238623748 56645346356334666574374357337667752583267384 34536435466356334352266524663223424761376251 43354653643665333425625642662332247416732615 
65463564533643665647733476336742576252 56645346356334666574374367337624752625 34536435466356334352266523663257423747 43354653643665333425625632662375247374 
65463564533643665647733476755767242337 56645346356334666574374367577576423273 34536435466356334352266523244232757662 43354653643665333425625632422423576726 
6546356453364366564774 5664534635633466657447 3453643546635633435225 4335465364366533342552 
654635645336436656477434247375852616 566453463563346665744743423757586261 345364354663563343522565752624147383 433546536436653334255256576242413738 
6546356453364366564774347533674257623863 5664534635633466657447435733762475268336 3453643546635633435225652466325742376136 4335465364366533342552564266237524731663 
65463564533643665647743475336742576252633873 56645346356334666574474357337624752625368337 34536435466356334352256524663257423747366126 43354653643665333425525642662375247374631662 
654635645336436656477434767557686786 566453463563346665744743675775867668 345364354663563343522565232442313213 433546536436653334255256324224132331 
654635645336436656477473768375848586 566453463563346665744737673857485868 345364354663563343522526231624151413 433546536436653334255262326142514131 
6546356453364375566673342423 5664534635633457656637434232 3453643546635624433326657576 4335465364366542343362565767 
654635645336437566637633735674 566453463563345766366733376547 345364354663562433362366264325 433546536436654233633266623452 
654635645336437574342563 566453463563345747435236 345364354663562425657436 433546536436654252564763 
6546356453365666743475334757374838675863 5664534635636566474357337475738483768536 3453643546634333256524665242625161324136 4335465364363433525642662524261516231463 
654635645336566747586366683457 566453463563657674853666864375 345364354663433252413633316542 433546536436342325146333135624 
65463564536663344356336273527432 56645346356636433465332637254723 34536435463336655643663726472567 43354653643363566534667362745276 
65463664567653663557 56646346656735665375 34536335432346336442 43353653343264334624 
6566566433344336536346352552 5666654633433463353664535225 3433433566655663463653647447 4333345366566536646335464774 
6566566433466334352415133625162674 5666654633643643534251316352616247 3433433566533665647584866374837325 4333345366356356465748683647383752 
6566566433466335747357473683 5666654633643653473775746338 3433433566533664252642526316 4333345366356346526224253661 
65665664334763467574537657736768 56666546337436645747356775377686 34334335665236532425462342263231 43333453662563354252643224622313 
656656647635637485848375534633 566665466753364758483857356433 343343352364362514151624465366 433334533246635241516142643566 
656656647635747563533473856783 566665466753475736354337587638 343343352364252436466526143216 433334533246524263645662412361 
6566566476357475848363735352 5666654667534757483836373525 3433433523642524151636264647 4333345332465242516163626474 
656656647635747584836385868746533467 566665466753475748383658687864354376 343343352364252415163614131253466532 433334533246524251616341312135645623 
6566566476357475848663533473 5666654667534757486836354337 3433433523642524151336466526 4333345332465242513163645662 
656656647636353475466357 566665466763534357643675 343343352363646524533642 433334533236465642356324 
656656647636754663573574 566665466763576436755347 343343352363245336426425 433334533236423563244652 
656656647646534374527357 566665466764353447253775 343343352353465625472642 433334533235646552746224 
656656647646746736577375 566665466764477663753757 343343352353253263422624 433334533235522336246242 
6566564633433463353664535225 5666656433344336536346352552 3433435366566536646335464774 4333343566655663463653647447 
6566564633643643534251316352616247 5666656433466334352415133625162674 3433435366356356465748683647383752 4333343566533665647584866374837325 
6566564633643653473775746338 5666656433466335747357473683 3433435366356346526224253661 4333343566533664252642526316 
65665646337436645747356775377686 56666564334763467574537657736768 34334353662563354252643224622313 43333435665236532425462342263231 
656656466753364758483857356433 566665647635637485848375534633 343343533246635241516142643566 433334352364362514151624465366 
656656466753475736354337587638 566665647635747563533473856783 343343533246524263645662412361 433334352364252436466526143216 
6566564667534757483836373525 5666656476357475848363735352 3433435332465242516163626474 4333343523642524151636264647 
656656466753475748383658687864354376 566665647635747584836385868746533467 343343533246524251616341312135645623 433334352364252415163614131253466532 
6566564667534757486836354337 5666656476357475848663533473 3433435332465242513163645662 4333343523642524151336466526 
656656466763534357643675 566665647636353475466357 343343533236465642356324 433334352363646524533642 
656656466763576436755347 566665647636754663573574 343343533236423563244652 433334352363245336426425 
656656466764353447253775 566665647646534374527357 343343533235646552746224 433334352353465625472642 
656656466764477663753757 566665647646746736577375 343343533235522336246242 433334352353253263422624 
65463564533643635666747375 56645346356334366566473757 34536435466356364333252624 43354653643665633433526242 
6546356453364366564773342433 5664534635633466657437434233 3453643546635633435226657566 4335465364366533342562565766 
65463564533647 56645346356374 34536435466352 43354653643625 
65463564533663 56645346356336 34536435466336 43354653643663 
6546356453435675 5664534635346557 3453643546564324 4335465364653442 
6566566463353653 5666654636536335 3433433536646346 4333345363463664 
65665664734633748453 56666546376433474835 34334335265366251546 43333453623566525164 
6566564636536335 5666656463353653 3433435363463664 4333343536646346 
65665646376433474835 56666564734633748453 34334353623566525164 4333343526536625154646